2.0908577023403323
0.9217109476494252
1.2801427759607895
1.8052517837303301
1.1118255529059646
1.5839399886074643
1.7095982436374286
1.204450392364506
0.9654813177703208
1.7169438706245521
2.1166248517675985
1.2965091847262478
1.4531660081021653
2.442835880291339
1.3405551170758647
1.3629216684736365
2.822059666149285
0.8544587035631851
2.0182329201467755
0.6181757414242979
1.321518625957149
2.371840441240969
2.230718206538336
1.1694399248023084
1.393150634937692
1.6601165212053057
0.9909483511377665
1.8961100025305
2.733788646035109
0.9423792532243666
0.629233460223358
1.764121872790538
1.5604383444577137
2.5221649659597705
1.539818910471495
1.5946701431756387
1.5245630551993699
1.1246968808258497
1.956514992012693
0.9579587677639891
2.203245069119267
1.6241880897510226
1.8718150281892525
1.3436176514396472
1.1599031660832297
2.5201316802206497
1.8542748911263898
2.2235015896826726
1.713561448899905
2.925803763628024
1.798750024182206
1.1050975977318016
2.004254548477095
1.8326495579288233
0.45942501325372054
1.5620478854693562
2.1100995105920104
2.0205825200583862
1.4502822958435058
1.0136878924764012
1.865646774653714
1.0470860270806428
2.282339331205228
1.4668662267016535
1.1575904982629033
1.3361670400031669
1.2145555934674919
1.3396413437578607
1.2518079480979645
1.4304957383164738
1.7394848496182553
1.9184445363984226
1.0648783627361897
1.1442310302170138
1.4054237453492735
1.6518727963957793
1.6688646858645004
0.5980092355652813
2.4720136753468744
1.1749029908238398
2.528494430815297
0.943872491296631
1.1379141744432122
1.494282522607513
1.5086624433475546
1.2342108387343846
1.987447595619952
0.7189829431382161
2.1475288649025126
1.2110135014506735
2.245799827262751
1.415642691910363
0.9204717240886005
1.8445573491955556
2.7350855037572464
1.5937765088749132
1.675742467640386
1.4203129564120314
1.18173588246084
1.2443367732334312
0.9596418963325326
0.9154841643392065
1.655469008496816
2.430045714352342
1.8815478158462613
1.8568939062175045
1.7443010978267635
1.1879302599888146
1.7126565903127209
1.409209489547517
2.088777791599144
2.2351150399266806
2.24687060231898
1.8031229237599218
2.141878035055287
1.28887978560082
1.570864246799112
1.5145699715407823
1.1684966516638535
1.1078705632522263
1.1775187180251914
1.3911970735745984
0.6585133986037864
2.642076828862021
1.7218580736275513
1.6437052405301706
1.93025312604525
1.542479892418189
1.864813758173717
1.8614381979854748
1.988525179725122
0.5036421920208911
2.1411419667345486
1.6951137412835418
1.9316877503065686
1.85097438626852
1.7514980264008106
2.3293988148054856
1.4341955601281837
1.8747470499663925
1.4783065752519793
1.6167619066382126
2.8206753529571973
2.5030051788017706
1.7674171206950233
2.0675313899314034
1.5098841416936373
0.671863457010283
1.8855644613892104
1.4706889046257987
1.011120766006257
0.46756716988749636
2.321481101958118
1.887846294956103
1.8782889990184881
1.2421117672430873
1.6170896204146328
2.2939006886300657
1.3301759450165491
1.729902557209852
1.1145874408512313
1.7110733185481062
1.0792920065854208
1.3692343571300336
1.4430090319195163
2.055427878805942
1.8189209837750142
1.2961271207482055
1.5465630309811629
1.5906033999646805
1.5960607772074158
1.1682250042044666
2.0094149102260515
1.7349858518244394
1.696660595869302
2.8546274110136634
1.3731888439694868
1.9499048505922199
0.852426434791704
2.55737663192438
1.1552529416968904
1.101134797397441
1.5137914813563444
1.1360110227098392
0.9970331488207663
1.9915031435883597
1.9467696445443674
1.623129558231583
1.4328981312895555
1.9391037831465476
1.3029781861361265
1.2492898826684078
2.079387570289291
1.1630501208693222
1.1843521091659888
1.8798394399705922
1.4648817107424328
1.123235062360551
1.5388794382095878
1.4881892806394184
