3.13e-19
3.21e-19
3.23e-19
3.23e-19
3.23e-19
3.23e-19
3.25e-19
3.34e-19
3.34e-19
3.45e-19
4.71e-19
4.71e-19
4.72e-19
4.73e-19
4.73e-19
4.75e-19
4.76e-19
4.79e-19
4.81e-19
4.83e-19
4.84e-19
4.84e-19
4.85e-19
4.86e-19
4.88e-19
6.31e-19
6.31e-19
6.33e-19
6.35e-19
6.37e-19
6.41e-19
6.43e-19
6.45e-19
6.46e-19
6.48e-19
6.49e-19
6.51e-19
6.52e-19
6.53e-19
6.54e-19
6.55e-19
6.55e-19
6.56e-19
6.57e-19
6.58e-19
7.76e-19
7.76e-19
7.77e-19
7.79e-19
7.81e-19
7.84e-19
7.88e-19
7.94e-19
7.95e-19
7.96e-19
8.01e-19
8.04e-19
8.09e-19
8.11e-19
8.13e-19
9.33e-19
9.38e-19
9.44e-19
9.52e-19
9.60e-19
9.65e-19
9.72e-19
9.80e-19
9.82e-19
9.82e-19
12.5e-19
12.6e-19
12.6e-19
12.7e-19
12.8e-19
12.9e-19
12.9e-19
12.9e-19
13.0e-19
13.0e-19
